0, 1, 3, 11
1, 0, 3, 11$ 1, 2, 6, 24$1, 6, 2, 24$1, 6, 4, 11
2, 1, 6, 24$ 2, 3, 5, 24
3, 2, 5, 24$ 3, 4, 4, 24
4, 3, 4, 24$ 4, 5, 5, 24$ 4, 20, 10, 26$ 4, 21, 6, 26
5, 4, 5, 24
6, 1, 2, 24$ 6, 7, 4, 24$ 6, 1, 4, 11$ 6, 9, 4, 11
7, 6, 4, 24$ 7, 8, 2, 24
8, 7, 2, 24$ 8, 9, 1, 24
9, 8, 1, 24$ 9, 10, 3, 24$ 9, 6, 4, 11$ 9, 11, 3, 11
10, 9, 3, 24$ 10, 11, 1, 24$ 10, 23, 2, 23$ 10, 58, 4, 23  
11, 10, 1, 24$ 11, 12, 1, 24$ 11, 9, 3, 11$ 11, 12, 1, 11
12, 46, 1, 21$ 12, 57, 4, 21$ 12, 11, 1, 24$ 12, 13, 2, 24$ 12, 11, 1, 11$ 12, 25, 2, 11    
13, 12, 2, 24$ 13, 14, 2, 24
14, 13, 2, 24$ 14, 15, 1, 24$ 14, 25, 2, 26$ 14, 27, 6, 26 
15, 14, 1, 24$ 15, 16, 3, 24$ 15, 25, 4, 11$ 15, 26, 10, 11
16, 15, 3, 24$ 16, 17, 1, 24$ 16, 27, 8, 12$ 16, 30, 19, 12
17, 16, 1, 24$ 17, 18, 1, 24
18, 17, 1, 24$ 18, 19, 7, 24
19, 18, 7, 24
20, 4, 10, 26
21, 4, 6, 26$ 21, 22, 8, 26
22, 21, 8, 26$ 22, 23, 2, 26
23, 22, 2, 26$ 23, 24, 2, 26$ 23, 10, 2, 23$ 23, 45, 1, 23$ 23, 39, 11, 13$ 23, 55, 8, 13
24, 23, 2, 26$ 24, 25, 5, 26$ 24, 37, 2, 21$ 24, 46, 2, 23
25, 24, 5, 26$ 25, 14, 2, 26$ 25, 12, 2, 11$ 25, 15, 4, 11
26, 15, 10, 11 
27, 14, 6, 26$ 27, 29, 10, 26$ 27, 28, 8, 12$ 27, 16, 8, 12
28, 27, 8, 12
29, 27, 10, 26
30, 31, 4, 23$ 30, 35, 12, 12$ 30, 16, 19, 12
31, 30, 4, 23$ 31, 32, 10, 23
32, 31, 10, 23$ 32, 33, 5, 23
33, 32, 5, 23$ 33, 34, 2, 23
34, 33, 2, 23$ 34, 36, 1, 23
35, 30, 12, 12
36, 34, 1, 23$ 36, 44, 3, 23$ 36, 37, 2, 21$ 36, 38, 7, 21
37, 36, 2, 21$ 37, 24, 2, 21
38, 36, 7, 21$ 38, 39, 5, 21
39, 38, 5, 21$ 39, 40, 4, 21$ 39, 42, 8, 13$ 39, 23, 11, 13
40, 39, 4, 21$ 40, 41, 3, 21
41, 40, 3, 21$ 41, 42, 2, 21
42, 41, 2, 21$ 42, 43, 4, 13$ 42, 39, 8, 13
43, 42, 4, 13
44, 36, 3, 23$ 44, 45, 2, 23
45, 44, 2, 23$ 45, 23, 1, 23
46, 12, 2, 21$ 46, 12, 1, 21
47, 55, 5, 13
48, 50, 8, 23
49, 51, 13, 21
50, 48, 8, 23$ 50, 52, 2, 23
51, 49, 13, 21$ 51, 53, 9, 21
52, 50, 2, 23$ 52, 55, 2, 23
53, 51, 9, 21$ 53, 54, 3, 21
54, 53, 3, 21$ 54, 57, 6, 21
55, 52, 2, 23$ 55, 56, 1, 23$ 55, 47, 5, 13$ 55, 23, 8, 13 
56, 55, 1, 23$ 56, 58, 3, 23
57, 54, 6, 21$ 57, 12, 4, 21
58, 56, 3, 23$ 58, 10, 4, 23